0       6.95026  
1       -1.28843    
2       -3.60932    
3       -3.57142    
4       -3.56388       
5       -3.68743    
6    	-3.75093        
7       -3.80633    
8       -3.87089       
9       -3.94015       
10      -3.94015    
11      -3.94001    
12      -3.94002    
13      -3.89424    
14      -3.94002    
15      -3.99529    
16      -4.01971    
17      -4.01633       
18      -3.94926    
19      -3.94922    
20      -4.07838      
21      -4.01292    
22      -4.03463    
23      -4.03467    
24      -3.97143    
25      -3.9715     
26      -3.97143    
27      -4.03464    
28      -4.1144     
29      -4.07838    
30      -4.01292        
31      -3.94001    
32      -4.07838    
33      -4.15068